country,better_off,worse_off,same,DK/Refused,Total
Canada,20,75,2,4,100
Belgium,23,71,3,3,100
France,17,78,2,3,100
Germany,42,53,1,3,100
Greece,26,70,2,2,100
Hungary,29,51,15,5,100
Italy,23,76,1,1,100
Netherlands,27,66,5,3,100
Poland,39,42,13,6,100
Spain,22,72,2,3,100
Sweden,47,46,6,2,100
UK,25,72,1,2,100
Israel,42,27,24,7,100
Australia,27,72,0,1,100
Japan,12,82,2,4,100
Malaysia,45,53,1,2,100
Singapore,56,42,1,1,100
South Korea,36,60,1,2,100
